100
0 0 0.040392600981502436 0.03963759909399778 0.09116647791619481 0.026425066062665148 0.038693846734616844 0.037938844847112074 0.05152887882219703 0.04850887127217818 0.06021140052850127 0.06153265383163453 0.07417893544733867 0.08758021895054735 0.05247263118157797 0.08607021517553792 0.12193280483201208 0.07908644771611928 0.07814269535673835 0.08833522083805212 0.09229898074745191 0.08871272178180445 0.08984522461306155 0.09154397885994714 0.09229898074745191 0.09531898829747076 0.08682521706304269 0.07889769724424311 0.07927519818799544 0.07587768969422426 0.07757644394110985 0.09097772744431865 0.09437523593808983 0.08701396753491886 0.09531898829747076 0.10834277085692712 0.07153642884107214 0.0756889392223481 0.0822952057380143 0.09022272555681388 0.08663646659116653 0.08380520951302384 0.050773876934692375 0.060022650056625104 0.06681766704416758 0.06172140430351081 0.06606266515666293 0.06964892412231027 0.07738769346923369 0.07682144205360508 0.07682144205360508 0.07380143450358623 0.0628539071347678 0.07776519441298602 0.08758021895054735 0.09550773876934693 0.13155907889769725 0.09645149112872786 0.07908644771611928 0.06738391845979619 0.09531898829747076 0.07644394110985275 0.11136277840694597 0.09248773121932807 0.07701019252548136 0.08021895054737638 0.07946394865987161 0.0817289543223858 0.08248395620989057 0.06474141185352966 0.06549641374103432 0.06795016987542468 0.09211023027557574 0.09154397885994714 0.09248773121932807 0.0934314835787089 0.094563986409966 0.10890902227255572 0.11381653454133633 0.07587768969422426 0.07889769724424311 0.08116270290675731 0.08380520951302384 0.08418271045677617 0.094563986409966 0.094563986409966 0.10305775764439407 0.09324273310683273 0.10909777274443189 0.10305775764439407 0.1062665156662892 0.11778029445073612 0.07946394865987161 0.10305775764439407 0.10872027180067945 0.07719894299735752 0.07701019252548136 0.07361268403171006 0.0817289543223858 0.0928652321630804 0.09758399395998485
61 0.040392600981502436 0 0.023593808984522457 0.07587768969422426 0.038316345790864514 0.04832012080030201 0.046055115137787817 0.060777651944129873 0.05662514156285392 0.06719516798792002 0.06832767081917701 0.07965269913174788 0.09380898452246134 0.05851264628161568 0.08852397130992828 0.12249905624764057 0.08380520951302384 0.08305020762551907 0.08890147225368061 0.09475273688184216 0.08927897319743294 0.09003397508493771 0.09305398263495657 0.0934314835787089 0.09550773876934693 0.08663646659116653 0.07927519818799544 0.0828614571536429 0.07606644016610042 0.07852019630049079 0.08965647414118538 0.09475273688184216 0.08909022272555678 0.09701774254435636 0.10815402038505095 0.07719894299735752 0.08135145337863348 0.08890147225368061 0.0934314835787089 0.09229898074745191 0.08833522083805212 0.056058890147225315 0.06436391090977722 0.06983767459418644 0.06587391468478676 0.07021517553793888 0.0728576821442054 0.0805964514911287 0.07776519441298602 0.07908644771611928 0.07380143450358623 0.06587391468478676 0.08021895054737638 0.09097772744431865 0.09682899207248019 0.13023782559456398 0.09720649301623252 0.07870894677236695 0.06927142317855794 0.09701774254435636 0.07984144960362405 0.11079652699131748 0.09607399018497542 0.07738769346923369 0.07984144960362405 0.07776519441298602 0.07984144960362405 0.08021895054737638 0.06832767081917701 0.06889392223480562 0.07153642884107214 0.09380898452246134 0.09305398263495657 0.09248773121932807 0.09362023405058517 0.09494148735371843 0.10815402038505095 0.11211778029445074 0.07512268780671949 0.07682144205360508 0.08191770479426197 0.08361645904114756 0.0834277085692714 0.094563986409966 0.09380898452246134 0.10003775009437521 0.09192147980369947 0.10777651944129862 0.10117025292563231 0.10551151377878443 0.1151377878444696 0.07889769724424311 0.09966024915062288 0.10702151755379385 0.07663269158172892 0.07512268780671949 0.0734239335598339 0.07757644394110985 0.08833522083805212 0.09324273310683273
68 0.03963759909399778 0.023593808984522457 0 0.06946017365043411 0.03775009437523591 0.04945262363155911 0.04699886749716875 0.06096640241600604 0.056058890147225315 0.06795016987542468 0.06832767081917701 0.0805964514911287 0.09531898829747076 0.05851264628161568 0.08946772366930922 0.12287655719139301 0.0839939599849 0.0834277085692714 0.09078897697244248 0.09607399018497542 0.09097772744431865 0.09211023027557574 0.09380898452246134 0.09418648546621367 0.09796149490373729 0.09022272555681388 0.0805964514911287 0.08380520951302384 0.07776519441298602 0.08040770101925254 0.09135522838807097 0.0951302378255946 0.09078897697244248 0.09909399773499439 0.10985277463193655 0.07682144205360508 0.08040770101925254 0.08625896564741409 0.09362023405058517 0.09022272555681388 0.08701396753491886 0.05775764439411102 0.06568516421291049 0.07021517553793888 0.06662891657229142 0.07078142695356737 0.07323518308795773 0.08040770101925254 0.07870894677236695 0.08135145337863348 0.07550018875047193 0.06530766326915816 0.08078520196300487 0.09078897697244248 0.09720649301623252 0.13080407701019248 0.09701774254435636 0.07965269913174788 0.07002642506606271 0.09758399395998485 0.0817289543223858 0.11117402793506981 0.09607399018497542 0.08210645526613813 0.08418271045677617 0.08191770479426197 0.0834277085692714 0.0839939599849 0.07040392600981504 0.07078142695356737 0.07417893544733867 0.09418648546621367 0.09475273688184216 0.09588523971309926 0.09645149112872786 0.09645149112872786 0.11004152510381271 0.11532653831634576 0.07682144205360508 0.08003020007550021 0.08493771234428082 0.08720271800679502 0.08758021895054735 0.09947149867874672 0.09871649679124195 0.1045677614194035 0.0962627406568517 0.11117402793506981 0.1045677614194035 0.10966402416006038 0.12136655341638358 0.08248395620989057 0.10570026425066059 0.11060777651944131 0.08116270290675731 0.07833144582861462 0.07663269158172892 0.08305020762551907 0.0928652321630804 0.09739524348810868
33 0.09116647791619481 0.07587768969422426 0.06946017365043411 0 0.08493771234428082 0.09135522838807097 0.09116647791619481 0.10362400906002267 0.09909399773499439 0.1073990184975463 0.10777651944129862 0.11664779161947902 0.13118157795394492 0.09909399773499439 0.12419781049452627 0.1540203850509626 0.12004530011325032 0.12249905624764057 0.12702906757266896 0.13137032842582108 0.1274065685164213 0.13193657984144957 0.1317478293695734 0.1340128350320876 0.133446583616459 0.12382030955077383 0.11834654586636462 0.11985654964137415 0.11362778406946017 0.11721404303510763 0.1262740656851642 0.1294828237070592 0.1245753114382786 0.13212533031332574 0.14212910532276335 0.11494903737259343 0.12042280105700265 0.12193280483201208 0.12608531521328803 0.12551906379765954 0.12155530388825975 0.10117025292563231 0.10532276330690826 0.10796526991317479 0.1051340128350321 0.11079652699131748 0.11249528123820307 0.11419403548508866 0.1128727821819554 0.11306153265383168 0.10815402038505095 0.1028690071725179 0.11664779161947902 0.1211778029445073 0.12835032087580223 0.1640241600604001 0.13080407701019248 0.11494903737259343 0.10664401661004153 0.13325783314458284 0.12061155152887881 0.14496036240090604 0.12891657229143072 0.1123065307663269 0.11381653454133633 0.11136277840694597 0.11211778029445074 0.11268403171007924 0.11004152510381271 0.11117402793506981 0.11249528123820307 0.13099282748206875 0.12910532276330688 0.13023782559456398 0.13099282748206875 0.1328803322008305 0.1474141185352963 0.15137787844469608 0.1128727821819554 0.1162702906757267 0.12061155152887881 0.12174405436013591 0.12287655719139301 0.13099282748206875 0.1294828237070592 0.13835409588523973 0.13193657984144957 0.14420536051340127 0.13986409966024915 0.13948659871649682 0.15175537938844852 0.11796904492261229 0.1379765949414874 0.1440166100415251 0.11645904114760286 0.11589278973197437 0.11249528123820307 0.11759154397885996 0.1251415628539071 0.12986032465081165
35 0.026425066062665148 0.038316345790864514 0.03775009437523591 0.08493771234428082 0 0.02132880332200826 0.01963004907512267 0.035107587768969384 0.0317100792751982 0.05152887882219703 0.05190637976594936 0.06304265760664407 0.07927519818799544 0.0422801057002643 0.07644394110985275 0.1128727821819554 0.06813892034730085 0.06757266893167235 0.07870894677236695 0.0822952057380143 0.07870894677236695 0.07927519818799544 0.08021895054737638 0.08248395620989057 0.08625896564741409 0.07606644016610042 0.06795016987542468 0.06832767081917701 0.06493016232540583 0.06644016610041525 0.07965269913174788 0.0834277085692714 0.07757644394110985 0.08758021895054735 0.09833899584748962 0.06096640241600604 0.06587391468478676 0.07399018497546239 0.08116270290675731 0.07701019252548136 0.0728576821442054 0.0394488486221215 0.05020762551906377 0.056058890147225315 0.052850132125330296 0.056436391090977756 0.059267648169120446 0.06908267270668178 0.06719516798792002 0.06776141940354852 0.0645526613816535 0.0534163835409589 0.06738391845979619 0.07852019630049079 0.08512646281615699 0.12249905624764057 0.08625896564741409 0.06946017365043411 0.05587013967534915 0.08588146470366176 0.06908267270668178 0.1034352585881465 0.08437146092865233 0.06851642129105318 0.07097017742544354 0.07078142695356737 0.0728576821442054 0.07417893544733867 0.05624764061910159 0.05832389580973951 0.059645149112872775 0.08418271045677617 0.0822952057380143 0.08361645904114756 0.08418271045677617 0.08474896187240466 0.09984899962249905 0.10362400906002267 0.06587391468478676 0.06813892034730085 0.07210268025670064 0.07587768969422426 0.07625519063797659 0.08625896564741409 0.08625896564741409 0.09248773121932807 0.0856927142317856 0.10098150245375614 0.09607399018497542 0.09833899584748962 0.11041902604756515 0.07002642506606271 0.0934314835787089 0.10022650056625138 0.06964892412231027 0.06832767081917701 0.06568516421291049 0.0711589278973197 0.08323895809739523 0.08776896942242352
89 0.038693846734616844 0.04832012080030201 0.04945262363155911 0.09135522838807097 0.02132880332200826 0 0.016987542468856143 0.03227633069082669 0.02887882219705551 0.062098905247263136 0.060400151000377544 0.07078142695356737 0.0845602114005285 0.05303888259720646 0.08493771234428082 0.11778029445073612 0.07587768969422426 0.07550018875047193 0.08361645904114756 0.08682521706304269 0.0834277085692714 0.08588146470366176 0.08682521706304269 0.08909022272555678 0.09022272555681388 0.08154020385050964 0.0756889392223481 0.07512268780671949 0.07210268025670064 0.0734239335598339 0.08625896564741409 0.09003397508493771 0.08323895809739523 0.09154397885994714 0.10437901094752733 0.07002642506606271 0.07512268780671949 0.0805964514911287 0.08795771989429979 0.0845602114005285 0.07965269913174788 0.049641374103435276 0.05907889769724428 0.06323140807852023 0.05983389958474894 0.06379765949414873 0.06662891657229142 0.07399018497546239 0.07266893167232913 0.07266893167232913 0.06946017365043411 0.06058890147225371 0.07323518308795773 0.08267270668176674 0.09097772744431865 0.12702906757266896 0.09211023027557574 0.07474518686296716 0.0622876557191393 0.0939977349943375 0.07663269158172892 0.10702151755379385 0.09041147602869004 0.07663269158172892 0.07852019630049079 0.07625519063797659 0.07814269535673835 0.07946394865987161 0.06417516043790106 0.06493016232540583 0.06870517176292945 0.08984522461306155 0.08833522083805212 0.09154397885994714 0.09211023027557574 0.09229898074745191 0.1073990184975463 0.11060777651944131 0.07304643261608157 0.07531143827859565 0.08040770101925254 0.08474896187240466 0.0834277085692714 0.0939977349943375 0.09437523593808983 0.09947149867874672 0.09116647791619481 0.10570026425066059 0.10022650056625138 0.10230275575688941 0.11419403548508866 0.07625519063797659 0.09833899584748962 0.10437901094752733 0.07701019252548136 0.07474518686296716 0.07380143450358623 0.07814269535673835 0.08927897319743294 0.09380898452246134
12 0.037938844847112074 0.046055115137787817 0.04699886749716875 0.09116647791619481 0.01963004907512267 0.016987542468856143 0 0.023782559456398622 0.020385050962627438 0.06096640241600604 0.060777651944129873 0.07191392978482447 0.08607021517553792 0.051151377878444704 0.08512646281615699 0.11532653831634576 0.07719894299735752 0.07663269158172892 0.08512646281615699 0.08890147225368061 0.08493771234428082 0.08644771611929025 0.08795771989429979 0.09022272555681388 0.09192147980369947 0.08135145337863348 0.074556436391091 0.0756889392223481 0.0717251793129483 0.07436768591921483 0.08663646659116653 0.0906002265005662 0.08474896187240466 0.09324273310683273 0.104001510003775 0.06927142317855794 0.07512268780671949 0.08116270290675731 0.08701396753491886 0.08380520951302384 0.08078520196300487 0.04945262363155911 0.059267648169120446 0.0628539071347678 0.05907889769724428 0.0634201585503964 0.06644016610041525 0.07625519063797659 0.0734239335598339 0.07399018497546239 0.06946017365043411 0.06058890147225371 0.0734239335598339 0.08248395620989057 0.09003397508493771 0.1251415628539071 0.09041147602869004 0.07625519063797659 0.06323140807852023 0.09116647791619481 0.07663269158172892 0.1062665156662892 0.09003397508493771 0.0756889392223481 0.07814269535673835 0.07852019630049079 0.07965269913174788 0.08210645526613813 0.06436391090977722 0.06568516421291049 0.06927142317855794 0.0906002265005662 0.08927897319743294 0.0906002265005662 0.09116647791619481 0.09267648169120424 0.10758776896942246 0.11117402793506981 0.07191392978482447 0.07417893544733867 0.08078520196300487 0.0834277085692714 0.08361645904114756 0.09362023405058517 0.09437523593808983 0.10041525103812754 0.0906002265005662 0.1034352585881465 0.09928274820687055 0.10381275953189883 0.11476028690071727 0.07663269158172892 0.09890524726311811 0.10570026425066059 0.07550018875047193 0.07361268403171006 0.07210268025670064 0.07814269535673835 0.08890147225368061 0.09418648546621367
3 0.05152887882219703 0.060777651944129873 0.06096640241600604 0.10362400906002267 0.035107587768969384 0.03227633069082669 0.023782559456398622 0 0.014911287278218222 0.0722914307285768 0.0722914307285768 0.0822952057380143 0.09418648546621367 0.06153265383163453 0.09833899584748962 0.12778406946017362 0.09097772744431865 0.0906002265005662 0.09796149490373729 0.10003775009437521 0.09701774254435636 0.09966024915062288 0.10079275198187998 0.10230275575688941 0.104001510003775 0.09531898829747076 0.08795771989429979 0.08776896942242352 0.0834277085692714 0.08701396753491886 0.09815024537561345 0.10437901094752733 0.09664024160060403 0.10570026425066059 0.11683654209135519 0.08305020762551907 0.08682521706304269 0.09211023027557574 0.09796149490373729 0.09569648924122309 0.0928652321630804 0.06266515666289163 0.07002642506606271 0.07663269158172892 0.07248018120045296 0.07738769346923369 0.07965269913174788 0.08625896564741409 0.0845602114005285 0.08588146470366176 0.08361645904114756 0.07380143450358623 0.0856927142317856 0.09588523971309926 0.10381275953189883 0.1368440921102303 0.1034352585881465 0.08927897319743294 0.07663269158172892 0.10381275953189883 0.08965647414118538 0.11796904492261229 0.10230275575688941 0.08852397130992828 0.09041147602869004 0.08927897319743294 0.0906002265005662 0.09362023405058517 0.07719894299735752 0.07719894299735752 0.08003020007550021 0.10060400151000382 0.09947149867874672 0.10305775764439407 0.10362400906002267 0.10570026425066059 0.12098905247263114 0.12363155907889767 0.08323895809739523 0.08512646281615699 0.0928652321630804 0.09588523971309926 0.0939977349943375 0.10532276330690826 0.09966024915062288 0.11192902982257458 0.1017365043412608 0.1174027935069838 0.11136277840694597 0.11532653831634576 0.12495281238203093 0.08814647036617596 0.11004152510381271 0.1174027935069838 0.08814647036617596 0.08474896187240466 0.08210645526613813 0.08814647036617596 0.10022650056625138 0.10532276330690826
52 0.04850887127217818 0.05662514156285392 0.056058890147225315 0.09909399773499439 0.0317100792751982 0.02887882219705551 0.020385050962627438 0.014911287278218222 0 0.06927142317855794 0.07059267648169121 0.08021895054737638 0.0939977349943375 0.06058890147225371 0.09267648169120424 0.1234428086070215 0.08625896564741409 0.08644771611929025 0.09437523593808983 0.09682899207248019 0.0939977349943375 0.09569648924122309 0.09550773876934693 0.09852774631936578 0.09966024915062288 0.09154397885994714 0.0834277085692714 0.08437146092865233 0.07984144960362405 0.0822952057380143 0.09380898452246134 0.09871649679124195 0.09192147980369947 0.10041525103812754 0.11155152887882225 0.07852019630049079 0.08267270668176674 0.08720271800679502 0.09305398263495657 0.08984522461306155 0.08720271800679502 0.05832389580973951 0.06493016232540583 0.07097017742544354 0.06719516798792002 0.07266893167232913 0.07304643261608157 0.0822952057380143 0.07965269913174788 0.08135145337863348 0.07852019630049079 0.06908267270668178 0.08040770101925254 0.09022272555681388 0.09701774254435636 0.1317478293695734 0.09682899207248019 0.0845602114005285 0.07059267648169121 0.09928274820687055 0.0845602114005285 0.11438278595696494 0.09871649679124195 0.0839939599849 0.08663646659116653 0.08550396375990943 0.08720271800679502 0.08927897319743294 0.07266893167232913 0.0734239335598339 0.07625519063797659 0.0939977349943375 0.09380898452246134 0.09796149490373729 0.09833899584748962 0.10041525103812754 0.11664779161947902 0.11929029822574555 0.07870894677236695 0.08078520196300487 0.08833522083805212 0.09097772744431865 0.08984522461306155 0.10079275198187998 0.094563986409966 0.10777651944129862 0.09682899207248019 0.11136277840694597 0.1051340128350321 0.11079652699131748 0.12080030200075498 0.0834277085692714 0.10381275953189883 0.11174027935069841 0.08267270668176674 0.08021895054737638 0.07889769724424311 0.08437146092865233 0.09494148735371843 0.10003775009437521
18 0.06021140052850127 0.06719516798792002 0.06795016987542468 0.1073990184975463 0.05152887882219703 0.062098905247263136 0.06096640241600604 0.0722914307285768 0.06927142317855794 0 0.034730086825217055 0.04869762174405434 0.06719516798792002 0.0305775764439411 0.08361645904114756 0.11645904114760286 0.07531143827859565 0.07550018875047193 0.0834277085692714 0.08795771989429979 0.0822952057380143 0.08682521706304269 0.08701396753491886 0.09022272555681388 0.09229898074745191 0.0822952057380143 0.07266893167232913 0.07417893544733867 0.0722914307285768 0.0717251793129483 0.08531521328803326 0.08984522461306155 0.0856927142317856 0.09097772744431865 0.1045677614194035 0.0834277085692714 0.08984522461306155 0.0934314835787089 0.09966024915062288 0.09777274443186112 0.0934314835787089 0.06700641751604375 0.07134767836919598 0.07852019630049079 0.07417893544733867 0.07984144960362405 0.0817289543223858 0.08833522083805212 0.08493771234428082 0.08663646659116653 0.08154020385050964 0.07436768591921483 0.08776896942242352 0.09777274443186112 0.1034352585881465 0.13476783691959227 0.1062665156662892 0.08927897319743294 0.07833144582861462 0.10475651189127977 0.0906002265005662 0.11834654586636462 0.10362400906002267 0.08776896942242352 0.09078897697244248 0.08909022272555678 0.09097772744431865 0.09078897697244248 0.07946394865987161 0.08003020007550021 0.0834277085692714 0.10419026047565116 0.10230275575688941 0.10135900339750847 0.10154775386938464 0.10362400906002267 0.11910154775386939 0.12400906002265011 0.08493771234428082 0.08871272178180445 0.0934314835787089 0.09588523971309926 0.09569648924122309 0.10588901472253676 0.10551151377878443 0.10777651944129862 0.09796149490373729 0.11325028312570784 0.1073990184975463 0.11041902604756515 0.12268780671951685 0.09154397885994714 0.11438278595696494 0.12042280105700265 0.09097772744431865 0.09022272555681388 0.08644771611929025 0.09078897697244248 0.10060400151000382 0.10607776519441303
92 0.06153265383163453 0.06832767081917701 0.06832767081917701 0.10777651944129862 0.05190637976594936 0.060400151000377544 0.060777651944129873 0.0722914307285768 0.07059267648169121 0.034730086825217055 0 0.022650056625141524 0.044356360890902224 0.030200075500188772 0.0822952057380143 0.1174027935069838 0.07606644016610042 0.07399018497546239 0.07927519818799544 0.08418271045677617 0.07870894677236695 0.08437146092865233 0.08361645904114756 0.08852397130992828 0.08909022272555678 0.08003020007550021 0.0722914307285768 0.07248018120045296 0.07248018120045296 0.07021517553793888 0.08607021517553792 0.08909022272555678 0.0845602114005285 0.09041147602869004 0.10362400906002267 0.08323895809739523 0.09041147602869004 0.09437523593808983 0.10117025292563231 0.09701774254435636 0.0917327293318233 0.06813892034730085 0.0728576821442054 0.07719894299735752 0.07512268780671949 0.08021895054737638 0.0822952057380143 0.08852397130992828 0.0845602114005285 0.08644771611929025 0.08305020762551907 0.07701019252548136 0.08758021895054735 0.09720649301623252 0.10135900339750847 0.13306908267270667 0.10551151377878443 0.08701396753491886 0.07984144960362405 0.10570026425066059 0.08871272178180445 0.11929029822574555 0.10211400528501324 0.08701396753491886 0.08984522461306155 0.08663646659116653 0.08965647414118538 0.08852397130992828 0.07776519441298602 0.07927519818799544 0.08154020385050964 0.104001510003775 0.10117025292563231 0.10324650811627034 0.10249150622876557 0.10381275953189883 0.12004530011325032 0.1245753114382786 0.08512646281615699 0.08871272178180445 0.09192147980369947 0.09531898829747076 0.094563986409966 0.10664401661004153 0.10702151755379385 0.10777651944129862 0.09909399773499439 0.11362778406946017 0.10853152132880328 0.10872027180067945 0.12287655719139301 0.09022272555681388 0.1140052850132125 0.12061155152887881 0.09078897697244248 0.08871272178180445 0.08512646281615699 0.08871272178180445 0.09909399773499439 0.10494526236315593
67 0.07417893544733867 0.07965269913174788 0.0805964514911287 0.11664779161947902 0.06304265760664407 0.07078142695356737 0.07191392978482447 0.0822952057380143 0.08021895054737638 0.04869762174405434 0.022650056625141524 0 0.03454133635334089 0.0422801057002643 0.09362023405058517 0.12363155907889767 0.08739146847867119 0.08607021517553792 0.0917327293318233 0.09739524348810868 0.09154397885994714 0.0951302378255946 0.0951302378255946 0.09966024915062288 0.10192525481313708 0.09135522838807097 0.0834277085692714 0.08380520951302384 0.08210645526613813 0.08040770101925254 0.09569648924122309 0.09947149867874672 0.09494148735371843 0.10230275575688941 0.11438278595696494 0.0934314835787089 0.1017365043412608 0.10588901472253676 0.11211778029445074 0.10909777274443189 0.10419026047565116 0.07814269535673835 0.08248395620989057 0.08644771611929025 0.08644771611929025 0.09041147602869004 0.09267648169120424 0.09815024537561345 0.09531898829747076 0.09815024537561345 0.094563986409966 0.08682521706304269 0.09739524348810868 0.10588901472253676 0.11249528123820307 0.1440166100415251 0.11551528878822193 0.09720649301623252 0.08984522461306155 0.1174027935069838 0.09966024915062288 0.1296715741789355 0.1145715364288411 0.09758399395998485 0.10003775009437521 0.09758399395998485 0.10079275198187998 0.10022650056625138 0.09022272555681388 0.09097772744431865 0.09324273310683273 0.1128727821819554 0.11079652699131748 0.11306153265383168 0.11325028312570784 0.1151377878444696 0.1306153265383163 0.13476783691959227 0.0951302378255946 0.09890524726311811 0.1028690071725179 0.10570026425066059 0.1062665156662892 0.11721404303510763 0.1174027935069838 0.11815779539448845 0.10947527368818422 0.12438656096640244 0.11589278973197437 0.11966779916949788 0.13325783314458284 0.10079275198187998 0.12306530766326917 0.12929407323518305 0.09966024915062288 0.09815024537561345 0.09569648924122309 0.09984899962249905 0.10947527368818422 0.11476028690071727
80 0.08758021895054735 0.09380898452246134 0.09531898829747076 0.13118157795394492 0.07927519818799544 0.0845602114005285 0.08607021517553792 0.09418648546621367 0.0939977349943375 0.06719516798792002 0.044356360890902224 0.03454133635334089 0 0.062098905247263136 0.10777651944129862 0.13722159305398263 0.1028690071725179 0.10192525481313708 0.10664401661004153 0.11060777651944131 0.10588901472253676 0.11004152510381271 0.10985277463193655 0.1140052850132125 0.1157040392600982 0.1062665156662892 0.09664024160060403 0.09890524726311811 0.09852774631936578 0.09720649301623252 0.11136277840694597 0.1140052850132125 0.11004152510381271 0.11778029445073612 0.1285390713476784 0.10758776896942246 0.11476028690071727 0.11834654586636462 0.12495281238203093 0.12249905624764057 0.1174027935069838 0.09135522838807097 0.09664024160060403 0.104001510003775 0.1028690071725179 0.10721026802567002 0.10909777274443189 0.11325028312570784 0.11060777651944131 0.11060777651944131 0.10249150622876557 0.09966024915062288 0.10909777274443189 0.11796904492261229 0.12495281238203093 0.15609664024160064 0.1274065685164213 0.11060777651944131 0.10437901094752733 0.1268403171007928 0.11060777651944131 0.14250660626651568 0.12816157040392606 0.1123065307663269 0.1140052850132125 0.11060777651944131 0.11438278595696494 0.11476028690071727 0.10419026047565116 0.10607776519441303 0.10683276708191769 0.1274065685164213 0.1257078142695357 0.12835032087580223 0.12872782181955456 0.12986032465081165 0.1451491128727822 0.14949037372593432 0.11041902604756515 0.11325028312570784 0.11759154397885996 0.12080030200075498 0.11966779916949788 0.13099282748206875 0.13080407701019248 0.13439033597583994 0.12495281238203093 0.13816534541336356 0.12872782181955456 0.13306908267270667 0.14609286523216303 0.1157040392600982 0.13816534541336356 0.14363910909777278 0.11532653831634576 0.11381653454133633 0.11023027557568899 0.11438278595696494 0.12476406191015477 0.12872782181955456
38 0.05247263118157797 0.05851264628161568 0.05851264628161568 0.09909399773499439 0.0422801057002643 0.05303888259720646 0.051151377878444704 0.06153265383163453 0.06058890147225371 0.0305775764439411 0.030200075500188772 0.0422801057002643 0.062098905247263136 0 0.07380143450358623 0.11004152510381271 0.06625141562853909 0.06625141562853909 0.07606644016610042 0.08021895054737638 0.07587768969422426 0.08040770101925254 0.08097395243488104 0.0839939599849 0.08437146092865233 0.07361268403171006 0.06738391845979619 0.06738391845979619 0.06417516043790106 0.06493016232540583 0.07757644394110985 0.0828614571536429 0.07833144582861462 0.08607021517553792 0.09852774631936578 0.07531143827859565 0.0805964514911287 0.08701396753491886 0.09380898452246134 0.08946772366930922 0.08588146470366176 0.05983389958474894 0.06757266893167235 0.06870517176292945 0.06530766326915816 0.07134767836919598 0.07361268403171006 0.0817289543223858 0.07738769346923369 0.08040770101925254 0.07512268780671949 0.06776141940354852 0.08040770101925254 0.09041147602869004 0.09645149112872786 0.12797281993204979 0.09796149490373729 0.0834277085692714 0.07097017742544354 0.09871649679124195 0.08305020762551907 0.113439033597584 0.09758399395998485 0.07965269913174788 0.08361645904114756 0.08135145337863348 0.08493771234428082 0.08418271045677617 0.07097017742544354 0.07191392978482447 0.07550018875047193 0.09833899584748962 0.0962627406568517 0.09607399018497542 0.09682899207248019 0.09758399395998485 0.113439033597584 0.11778029445073612 0.08210645526613813 0.08305020762551907 0.08531521328803326 0.08795771989429979 0.08833522083805212 0.09909399773499439 0.09928274820687055 0.10135900339750847 0.0928652321630804 0.10872027180067945 0.10362400906002267 0.10683276708191769 0.11778029445073612 0.0845602114005285 0.10777651944129862 0.113439033597584 0.08437146092865233 0.0834277085692714 0.07795394488486218 0.0834277085692714 0.09248773121932807 0.09701774254435636
40 0.08607021517553792 0.08852397130992828 0.08946772366930922 0.12419781049452627 0.07644394110985275 0.08493771234428082 0.08512646281615699 0.09833899584748962 0.09267648169120424 0.08361645904114756 0.0822952057380143 0.09362023405058517 0.10777651944129862 0.07380143450358623 0 0.07399018497546239 0.03699509248773125 0.03775009437523591 0.07625519063797659 0.07984144960362405 0.0756889392223481 0.07965269913174788 0.08097395243488104 0.0828614571536429 0.08418271045677617 0.0756889392223481 0.06870517176292945 0.06964892412231027 0.06417516043790106 0.06493016232540583 0.07738769346923369 0.08135145337863348 0.07625519063797659 0.08380520951302384 0.0939977349943375 0.10683276708191769 0.09890524726311811 0.11759154397885996 0.12080030200075498 0.11796904492261229 0.11721404303510763 0.09229898074745191 0.09550773876934693 0.09966024915062288 0.09739524348810868 0.10230275575688941 0.10249150622876557 0.10890902227255572 0.10645526613816536 0.10607776519441303 0.10702151755379385 0.09682899207248019 0.10909777274443189 0.11815779539448845 0.1245753114382786 0.1551528878822197 0.1262740656851642 0.11041902604756515 0.10117025292563231 0.12533031332578326 0.1123065307663269 0.12986032465081165 0.11325028312570784 0.10211400528501324 0.1034352585881465 0.09984899962249905 0.10249150622876557 0.1017365043412608 0.10079275198187998 0.1017365043412608 0.10419026047565116 0.12061155152887881 0.11778029445073612 0.12419781049452627 0.12382030955077383 0.12608531521328803 0.13929784824462066 0.14477161192902988 0.10664401661004153 0.10853152132880328 0.11211778029445074 0.11551528878822193 0.11494903737259343 0.12816157040392606 0.12476406191015477 0.1285390713476784 0.12193280483201208 0.13476783691959227 0.13023782559456398 0.13212533031332574 0.13948659871649682 0.11419403548508866 0.13382408456021144 0.14005285013212532 0.11325028312570784 0.11023027557568899 0.10683276708191769 0.11192902982257458 0.12023405058512648 0.12419781049452627
47 0.12193280483201208 0.12249905624764057 0.12287655719139301 0.1540203850509626 0.1128727821819554 0.11778029445073612 0.11532653831634576 0.12778406946017362 0.1234428086070215 0.11645904114760286 0.1174027935069838 0.12363155907889767 0.13722159305398263 0.11004152510381271 0.07399018497546239 0 0.07663269158172892 0.07587768969422426 0.10758776896942246 0.11079652699131748 0.1073990184975463 0.11023027557568899 0.11117402793506981 0.11174027935069841 0.11589278973197437 0.1051340128350321 0.10079275198187998 0.10098150245375614 0.09871649679124195 0.09890524726311811 0.1123065307663269 0.11551528878822193 0.11060777651944131 0.1162702906757267 0.1274065685164213 0.13892034730086822 0.13004907512268782 0.1474141185352963 0.15213288033220085 0.14930162325405816 0.14779161947904873 0.12438656096640244 0.12891657229143072 0.12816157040392606 0.12721781804454513 0.13269158172895434 0.133446583616459 0.13608909022272553 0.13420158550396377 0.13439033597583994 0.12872782181955456 0.12098905247263114 0.1328803322008305 0.14137410343525858 0.14212910532276335 0.17667044167610424 0.1496791241978105 0.13533408833522087 0.12551906379765954 0.15364288410721028 0.14439411098527744 0.1545866364665912 0.14118535296338242 0.13250283125707818 0.13306908267270667 0.12986032465081165 0.1317478293695734 0.13193657984144957 0.13212533031332574 0.13306908267270667 0.13552283880709703 0.13816534541336356 0.149112872782182 0.15326538316345795 0.14949037372593432 0.15647414118535297 0.1685541713854285 0.1734616836542091 0.13363533408833517 0.13646659116647797 0.13476783691959227 0.13665534163835413 0.13439033597583994 0.14703661759154396 0.1445828614571536 0.15420913552283877 0.1457153642884107 0.15722914307285774 0.15213288033220085 0.1568516421291053 0.16364665911664777 0.14156285390713474 0.15722914307285774 0.16440166100415254 0.13778784446961112 0.1368440921102303 0.1340128350320876 0.13929784824462066 0.14665911664779163 0.15194412986032468
75 0.07908644771611928 0.08380520951302384 0.0839939599849 0.12004530011325032 0.06813892034730085 0.07587768969422426 0.07719894299735752 0.09097772744431865 0.08625896564741409 0.07531143827859565 0.07606644016610042 0.08739146847867119 0.1028690071725179 0.06625141562853909 0.03699509248773125 0.07663269158172892 0 0.010192525481313663 0.07210268025670064 0.07474518686296716 0.07134767836919598 0.07417893544733867 0.07550018875047193 0.07625519063797659 0.08040770101925254 0.06889392223480562 0.06058890147225371 0.06191015477538697 0.05870139675349184 0.05813514533786335 0.07417893544733867 0.07625519063797659 0.07191392978482447 0.07946394865987161 0.09154397885994714 0.10192525481313708 0.0951302378255946 0.11117402793506981 0.1174027935069838 0.1145715364288411 0.11041902604756515 0.08361645904114756 0.08852397130992828 0.0951302378255946 0.0928652321630804 0.09777274443186112 0.09796149490373729 0.10570026425066059 0.10230275575688941 0.1034352585881465 0.10003775009437521 0.09418648546621367 0.10607776519441303 0.1174027935069838 0.1234428086070215 0.15062287655719142 0.12419781049452627 0.10532276330690826 0.09664024160060403 0.12249905624764057 0.10721026802567002 0.1262740656851642 0.11079652699131748 0.09871649679124195 0.10041525103812754 0.09777274443186112 0.10079275198187998 0.10060400151000382 0.09475273688184216 0.09588523971309926 0.09739524348810868 0.11702529256323135 0.11551528878822193 0.12004530011325032 0.12080030200075498 0.12155530388825975 0.13476783691959227 0.14043035107587765 0.10381275953189883 0.10702151755379385 0.10909777274443189 0.1123065307663269 0.11155152887882225 0.12268780671951685 0.12061155152887881 0.12646281615704036 0.11702529256323135 0.13231408078520202 0.12721781804454513 0.1262740656851642 0.13835409588523973 0.11004152510381271 0.13023782559456398 0.1362778406946017 0.10966402416006038 0.10645526613816536 0.10381275953189883 0.10796526991317479 0.11872404681011706 0.12287655719139301
36 0.07814269535673835 0.08305020762551907 0.0834277085692714 0.12249905624764057 0.06757266893167235 0.07550018875047193 0.07663269158172892 0.0906002265005662 0.08644771611929025 0.07550018875047193 0.07399018497546239 0.08607021517553792 0.10192525481313708 0.06625141562853909 0.03775009437523591 0.07587768969422426 0.010192525481313663 0 0.0728576821442054 0.07436768591921483 0.07059267648169121 0.07380143450358623 0.07493393733484333 0.07587768969422426 0.08097395243488104 0.06927142317855794 0.060400151000377544 0.062098905247263136 0.059645149112872775 0.05851264628161568 0.07380143450358623 0.07663269158172892 0.0717251793129483 0.07946394865987161 0.09135522838807097 0.10135900339750847 0.094563986409966 0.10985277463193655 0.11702529256323135 0.11325028312570784 0.10947527368818422 0.0845602114005285 0.08965647414118538 0.0939977349943375 0.09192147980369947 0.09720649301623252 0.09720649301623252 0.10721026802567002 0.10419026047565116 0.10532276330690826 0.10060400151000382 0.0934314835787089 0.10570026425066059 0.11664779161947902 0.12249905624764057 0.15156662891657224 0.12495281238203093 0.10645526613816536 0.09720649301623252 0.12212155530388824 0.10570026425066059 0.12665156662891652 0.11060777651944131 0.09833899584748962 0.10079275198187998 0.09890524726311811 0.10154775386938464 0.10098150245375614 0.09531898829747076 0.09550773876934693 0.09777274443186112 0.11834654586636462 0.11608154020385053 0.11947904869762171 0.12042280105700265 0.1223103057757644 0.13439033597583994 0.14061910154775392 0.10419026047565116 0.10645526613816536 0.10853152132880328 0.11174027935069841 0.11136277840694597 0.12325405813514534 0.12098905247263114 0.12608531521328803 0.11721404303510763 0.13212533031332574 0.1268403171007928 0.12665156662891652 0.13986409966024915 0.10928652321630805 0.12872782181955456 0.1357115892789732 0.11004152510381271 0.10645526613816536 0.10437901094752733 0.10815402038505095 0.1211778029445073 0.12476406191015477
82 0.08833522083805212 0.08890147225368061 0.09078897697244248 0.12702906757266896 0.07870894677236695 0.08361645904114756 0.08512646281615699 0.09796149490373729 0.09437523593808983 0.0834277085692714 0.07927519818799544 0.0917327293318233 0.10664401661004153 0.07606644016610042 0.07625519063797659 0.10758776896942246 0.07210268025670064 0.0728576821442054 0 0.018686296715741735 0.011891279728199367 0.046055115137787817 0.04643261608154026 0.050773876934692375 0.056813892034730085 0.043223858059645126 0.03963759909399778 0.05152887882219703 0.047565118912797244 0.046055115137787817 0.0622876557191393 0.06662891657229142 0.06096640241600604 0.06927142317855794 0.08305020762551907 0.10758776896942246 0.11438278595696494 0.11759154397885996 0.12438656096640244 0.12155530388825975 0.11834654586636462 0.09211023027557574 0.0951302378255946 0.10003775009437521 0.09758399395998485 0.10230275575688941 0.1034352585881465 0.10683276708191769 0.1034352585881465 0.10645526613816536 0.10305775764439407 0.09701774254435636 0.11041902604756515 0.11853529633824089 0.12495281238203093 0.15251038127595318 0.1262740656851642 0.10853152132880328 0.10022650056625138 0.12702906757266896 0.1123065307663269 0.139675349188373 0.12306530766326917 0.10419026047565116 0.10853152132880328 0.1051340128350321 0.10777651944129862 0.10702151755379385 0.10211400528501324 0.09815024537561345 0.10532276330690826 0.12249905624764057 0.12080030200075498 0.12438656096640244 0.12476406191015477 0.1274065685164213 0.14137410343525858 0.1474141185352963 0.10872027180067945 0.11060777651944131 0.11306153265383168 0.11778029445073612 0.11608154020385053 0.12419781049452627 0.12306530766326917 0.12872782181955456 0.1211778029445073 0.13306908267270667 0.12759531898829746 0.13080407701019248 0.13986409966024915 0.11249528123820307 0.13495658739146843 0.14099660249150625 0.11098527746319364 0.10758776896942246 0.10475651189127977 0.10947527368818422 0.12042280105700265 0.12476406191015477
29 0.09229898074745191 0.09475273688184216 0.09607399018497542 0.13137032842582108 0.0822952057380143 0.08682521706304269 0.08890147225368061 0.10003775009437521 0.09682899207248019 0.08795771989429979 0.08418271045677617 0.09739524348810868 0.11060777651944131 0.08021895054737638 0.07984144960362405 0.11079652699131748 0.07474518686296716 0.07436768591921483 0.018686296715741735 0 0.014156285390713452 0.05303888259720646 0.05247263118157797 0.05530388825972066 0.060400151000377544 0.047942619856549684 0.04379010947527373 0.05624764061910159 0.049641374103435276 0.05190637976594936 0.06813892034730085 0.07191392978482447 0.06644016610041525 0.07531143827859565 0.08776896942242352 0.11041902604756515 0.11645904114760286 0.11947904869762171 0.12797281993204979 0.12438656096640244 0.12155530388825975 0.09588523971309926 0.09815024537561345 0.10305775764439407 0.10041525103812754 0.10437901094752733 0.10588901472253676 0.11117402793506981 0.10947527368818422 0.11117402793506981 0.10664401661004153 0.10060400151000382 0.113439033597584 0.1211778029445073 0.12721781804454513 0.15704039260098146 0.13099282748206875 0.11306153265383168 0.10362400906002267 0.13042657606644015 0.11494903737259343 0.14194035485088707 0.1262740656851642 0.10853152132880328 0.11155152887882225 0.10890902227255572 0.11041902604756515 0.11079652699131748 0.10475651189127977 0.10098150245375614 0.10796526991317479 0.1257078142695357 0.1234428086070215 0.1274065685164213 0.12835032087580223 0.13042657606644015 0.1451491128727822 0.15024537561343898 0.11098527746319364 0.11249528123820307 0.11702529256323135 0.12155530388825975 0.11985654964137415 0.12759531898829746 0.12665156662891652 0.13155907889769725 0.1245753114382786 0.13665534163835413 0.13118157795394492 0.13590033975084936 0.14326160815402034 0.1151377878444696 0.13892034730086822 0.1445828614571536 0.1145715364288411 0.11079652699131748 0.10815402038505095 0.11306153265383168 0.12287655719139301 0.1274065685164213
